#Layer_Color=32768
#
#Feature symbol names
#
$0 r3.937

#
#Feature attribute names
#

#
#Layer features
#
L 0.140314 0.4925355 0.179686 0.4925355 0 P 0
L 0.140314 1.0975355 0.179686 1.0975355 0 P 0
L 0.140314 1.6975355 0.179686 1.6975355 0 P 0
L 0.140314 2.2989529 0.179686 2.2989529 0 P 0
L 0.16 0.4728495 0.16 0.5122195 0 P 0
L 0.16 1.0778495 0.16 1.1172195 0 P 0
L 0.16 1.6778495 0.16 1.7172195 0 P 0
L 0.16 2.2792669 0.16 2.3186369 0 P 0
L 0.4068495 2.091 0.4462195 2.091 0 P 0
L 0.4118495 0.891 0.4512195 0.891 0 P 0
L 0.4118495 1.486 0.4512195 1.486 0 P 0
L 0.4118495 2.691 0.4512195 2.691 0 P 0
L 0.4265355 2.071314 0.4265355 2.110686 0 P 0
L 0.4315355 0.871314 0.4315355 0.910686 0 P 0
L 0.4315355 1.466314 0.4315355 1.505686 0 P 0
L 0.4315355 2.671314 0.4315355 2.710686 0 P 0
L 0.780314 0.4989529 0.819686 0.4989529 0 P 0
L 0.780314 1.0989529 0.819686 1.0989529 0 P 0
L 0.780314 1.7003701 0.819686 1.7003701 0 P 0
L 0.780314 2.3003701 0.819686 2.3003701 0 P 0
L 0.8 0.4792669 0.8 0.5186369 0 P 0
L 0.8 1.0792669 0.8 1.1186369 0 P 0
L 0.8 1.6806841 0.8 1.7200541 0 P 0
L 0.8 2.2806841 0.8 2.3200541 0 P 0
L 1.0132669 0.886 1.0526369 0.886 0 P 0
L 1.0132669 1.486 1.0526369 1.486 0 P 0
L 1.0132669 2.086 1.0526369 2.086 0 P 0
L 1.0168495 2.691 1.0562195 2.691 0 P 0
L 1.0329529 0.866314 1.0329529 0.905686 0 P 0
L 1.0329529 1.466314 1.0329529 1.505686 0 P 0
L 1.0329529 2.066314 1.0329529 2.105686 0 P 0
L 1.0365355 2.671314 1.0365355 2.710686 0 P 0
L 1.375314 2.2989529 1.414686 2.2989529 0 P 0
L 1.380314 1.0975355 1.419686 1.0975355 0 P 0
L 1.395 2.2792669 1.395 2.3186369 0 P 0
L 1.4 1.0778495 1.4 1.1172195 0 P 0
L 1.6096841 2.681 1.6490541 2.681 0 P 0
L 1.6118495 1.486 1.6512195 1.486 0 P 0
L 1.6293701 2.661314 1.6293701 2.700686 0 P 0
L 1.6315355 1.466314 1.6315355 1.505686 0 P 0
L 2.4998495 1.072 2.5392195 1.072 0 P 0
L 2.5012669 0.402 2.5406369 0.402 0 P 0
L 2.5012669 0.627 2.5406369 0.627 0 P 0
L 2.5012669 0.842 2.5406369 0.842 0 P 0
L 2.5012669 1.292 2.5406369 1.292 0 P 0
L 2.5062669 1.522 2.5456369 1.522 0 P 0
L 2.5062669 1.732 2.5456369 1.732 0 P 0
L 2.5098495 2.417 2.5492195 2.417 0 P 0
L 2.5112669 1.957 2.5506369 1.957 0 P 0
L 2.5112669 2.182 2.5506369 2.182 0 P 0
L 2.5195355 1.052314 2.5195355 1.091686 0 P 0
L 2.5209529 0.382314 2.5209529 0.421686 0 P 0
L 2.5209529 0.607314 2.5209529 0.646686 0 P 0
L 2.5209529 0.822314 2.5209529 0.861686 0 P 0
L 2.5209529 1.272314 2.5209529 1.311686 0 P 0
L 2.5259529 1.502314 2.5259529 1.541686 0 P 0
L 2.5259529 1.712314 2.5259529 1.751686 0 P 0
L 2.5295355 2.397314 2.5295355 2.436686 0 P 0
L 2.5309529 1.937314 2.5309529 1.976686 0 P 0
L 2.5309529 2.162314 2.5309529 2.201686 0 P 0
