#Layer_Color=13278208
#
#Feature symbol names
#
$0 r0.5

#
#Feature attribute names
#

#
#Layer features
#
A 1.8928307 1.5346772 1.8928307 1.5346772 1.8703307 1.5346772 0 P 0 N
A 2.4962756 0.1567244 2.4962756 0.1567244 2.4362756 0.1567244 0 P 0 N
A 2.4962756 2.7945197 2.4962756 2.7945197 2.4362756 2.7945197 0 P 0 N
A 2.8835 0.652 2.8835 0.652 2.866 0.652 0 P 0 N
A 2.8835 0.752 2.8835 0.752 2.866 0.752 0 P 0 N
A 2.8835 0.852 2.8835 0.852 2.866 0.852 0 P 0 N
A 2.8835 0.952 2.8835 0.952 2.866 0.952 0 P 0 N
A 2.8835 1.052 2.8835 1.052 2.866 1.052 0 P 0 N
A 2.8835 1.152 2.8835 1.152 2.866 1.152 0 P 0 N
A 2.8835 1.252 2.8835 1.252 2.866 1.252 0 P 0 N
A 2.8835 1.352 2.8835 1.352 2.866 1.352 0 P 0 N
A 2.8835 1.452 2.8835 1.452 2.866 1.452 0 P 0 N
A 2.8835 1.552 2.8835 1.552 2.866 1.552 0 P 0 N
A 2.8835 1.652 2.8835 1.652 2.866 1.652 0 P 0 N
A 2.8835 1.752 2.8835 1.752 2.866 1.752 0 P 0 N
A 2.8835 1.852 2.8835 1.852 2.866 1.852 0 P 0 N
A 2.8835 1.952 2.8835 1.952 2.866 1.952 0 P 0 N
A 2.8835 2.052 2.8835 2.052 2.866 2.052 0 P 0 N
A 2.8835 2.152 2.8835 2.152 2.866 2.152 0 P 0 N
A 2.8835 2.252 2.8835 2.252 2.866 2.252 0 P 0 N
A 2.9585 0.702 2.9585 0.702 2.941 0.702 0 P 0 N
A 2.9585 0.802 2.9585 0.802 2.941 0.802 0 P 0 N
A 2.9585 0.902 2.9585 0.902 2.941 0.902 0 P 0 N
A 2.9585 1.002 2.9585 1.002 2.941 1.002 0 P 0 N
A 2.9585 1.102 2.9585 1.102 2.941 1.102 0 P 0 N
A 2.9585 1.202 2.9585 1.202 2.941 1.202 0 P 0 N
A 2.9585 1.302 2.9585 1.302 2.941 1.302 0 P 0 N
A 2.9585 1.402 2.9585 1.402 2.941 1.402 0 P 0 N
A 2.9585 1.502 2.9585 1.502 2.941 1.502 0 P 0 N
A 2.9585 1.602 2.9585 1.602 2.941 1.602 0 P 0 N
A 2.9585 1.702 2.9585 1.702 2.941 1.702 0 P 0 N
A 2.9585 1.802 2.9585 1.802 2.941 1.802 0 P 0 N
A 2.9585 1.902 2.9585 1.902 2.941 1.902 0 P 0 N
A 2.9585 2.002 2.9585 2.002 2.941 2.002 0 P 0 N
A 2.9585 2.102 2.9585 2.102 2.941 2.102 0 P 0 N
A 2.9585 2.202 2.9585 2.202 2.941 2.202 0 P 0 N
A 2.9585 2.302 2.9585 2.302 2.941 2.302 0 P 0 N
A 3.0335 0.652 3.0335 0.652 3.016 0.652 0 P 0 N
A 3.0335 0.752 3.0335 0.752 3.016 0.752 0 P 0 N
A 3.0335 0.852 3.0335 0.852 3.016 0.852 0 P 0 N
A 3.0335 0.952 3.0335 0.952 3.016 0.952 0 P 0 N
A 3.0335 1.052 3.0335 1.052 3.016 1.052 0 P 0 N
A 3.0335 1.152 3.0335 1.152 3.016 1.152 0 P 0 N
A 3.0335 1.252 3.0335 1.252 3.016 1.252 0 P 0 N
A 3.0335 1.352 3.0335 1.352 3.016 1.352 0 P 0 N
A 3.0335 1.452 3.0335 1.452 3.016 1.452 0 P 0 N
A 3.0335 1.552 3.0335 1.552 3.016 1.552 0 P 0 N
A 3.0335 1.652 3.0335 1.652 3.016 1.652 0 P 0 N
A 3.0335 1.752 3.0335 1.752 3.016 1.752 0 P 0 N
A 3.0335 1.852 3.0335 1.852 3.016 1.852 0 P 0 N
A 3.0335 1.952 3.0335 1.952 3.016 1.952 0 P 0 N
A 3.0335 2.052 3.0335 2.052 3.016 2.052 0 P 0 N
A 3.0335 2.152 3.0335 2.152 3.016 2.152 0 P 0 N
A 3.0335 2.252 3.0335 2.252 3.016 2.252 0 P 0 N
A 3.0405 0.337 3.0405 0.337 2.978 0.337 0 P 0 N
A 3.0405 2.619 3.0405 2.619 2.978 2.619 0 P 0 N
A 3.1085 0.702 3.1085 0.702 3.091 0.702 0 P 0 N
A 3.1085 0.802 3.1085 0.802 3.091 0.802 0 P 0 N
A 3.1085 0.902 3.1085 0.902 3.091 0.902 0 P 0 N
A 3.1085 1.002 3.1085 1.002 3.091 1.002 0 P 0 N
A 3.1085 1.102 3.1085 1.102 3.091 1.102 0 P 0 N
A 3.1085 1.202 3.1085 1.202 3.091 1.202 0 P 0 N
A 3.1085 1.302 3.1085 1.302 3.091 1.302 0 P 0 N
A 3.1085 1.402 3.1085 1.402 3.091 1.402 0 P 0 N
A 3.1085 1.502 3.1085 1.502 3.091 1.502 0 P 0 N
A 3.1085 1.602 3.1085 1.602 3.091 1.602 0 P 0 N
A 3.1085 1.702 3.1085 1.702 3.091 1.702 0 P 0 N
A 3.1085 1.802 3.1085 1.802 3.091 1.802 0 P 0 N
A 3.1085 1.902 3.1085 1.902 3.091 1.902 0 P 0 N
A 3.1085 2.002 3.1085 2.002 3.091 2.002 0 P 0 N
A 3.1085 2.102 3.1085 2.102 3.091 2.102 0 P 0 N
A 3.1085 2.202 3.1085 2.202 3.091 2.202 0 P 0 N
A 3.1085 2.302 3.1085 2.302 3.091 2.302 0 P 0 N
A 3.579937 0.1567244 3.579937 0.1567244 3.519937 0.1567244 0 P 0 N
A 3.579937 2.7945197 3.579937 2.7945197 3.519937 2.7945197 0 P 0 N
L 1.9511023 0.0002441 3.5642441 0.0002441 0 P 0
L 2.1881023 2.9532441 3.5580629 2.9532441 0 P 0
L 3.5580629 2.9532441 3.6813543 2.8299527 0 P 0
L 3.5642441 0.0002441 3.6813543 0.1173543 0 P 0
L 3.6813543 0.1173543 3.6813543 2.8299527 0 P 0
