#Layer_Color=16711935
#
#Feature symbol names
#
$0 r3.937

#
#Feature attribute names
#

#
#Layer features
#
L 0.13244 0.4502135 0.13244 0.5348575 0 P 0
L 0.13244 0.4502135 0.18756 0.4502135 0 P 0
L 0.13244 0.5348575 0.18756 0.5348575 0 P 0
L 0.13244 1.0552135 0.13244 1.1398575 0 P 0
L 0.13244 1.0552135 0.18756 1.0552135 0 P 0
L 0.13244 1.1398575 0.18756 1.1398575 0 P 0
L 0.13244 1.6552135 0.13244 1.7398575 0 P 0
L 0.13244 1.6552135 0.18756 1.6552135 0 P 0
L 0.13244 1.7398575 0.18756 1.7398575 0 P 0
L 0.13244 2.2566309 0.13244 2.3412749 0 P 0
L 0.13244 2.2566309 0.18756 2.2566309 0 P 0
L 0.13244 2.3412749 0.18756 2.3412749 0 P 0
L 0.18756 0.4502135 0.18756 0.5348575 0 P 0
L 0.18756 1.0552135 0.18756 1.1398575 0 P 0
L 0.18756 1.6552135 0.18756 1.7398575 0 P 0
L 0.18756 2.2566309 0.18756 2.3412749 0 P 0
L 0.3842135 2.06344 0.3842135 2.11856 0 P 0
L 0.3842135 2.06344 0.4688575 2.06344 0 P 0
L 0.3842135 2.11856 0.4688575 2.11856 0 P 0
L 0.3892135 0.86344 0.3892135 0.91856 0 P 0
L 0.3892135 0.86344 0.4738575 0.86344 0 P 0
L 0.3892135 0.91856 0.4738575 0.91856 0 P 0
L 0.3892135 1.45844 0.3892135 1.51356 0 P 0
L 0.3892135 1.45844 0.4738575 1.45844 0 P 0
L 0.3892135 1.51356 0.4738575 1.51356 0 P 0
L 0.3892135 2.66344 0.3892135 2.71856 0 P 0
L 0.3892135 2.66344 0.4738575 2.66344 0 P 0
L 0.3892135 2.71856 0.4738575 2.71856 0 P 0
L 0.4688575 2.06344 0.4688575 2.11856 0 P 0
L 0.4738575 0.86344 0.4738575 0.91856 0 P 0
L 0.4738575 1.45844 0.4738575 1.51356 0 P 0
L 0.4738575 2.66344 0.4738575 2.71856 0 P 0
L 0.522678 2.06344 0.522678 2.118558 0 P 0
L 0.522678 2.06344 0.607322 2.06344 0 P 0
L 0.522678 2.118558 0.607322 2.118558 0 P 0
L 0.527678 0.86344 0.527678 0.918558 0 P 0
L 0.527678 0.86344 0.612322 0.86344 0 P 0
L 0.527678 0.918558 0.612322 0.918558 0 P 0
L 0.527678 1.45844 0.527678 1.513558 0 P 0
L 0.527678 1.45844 0.612322 1.45844 0 P 0
L 0.527678 1.513558 0.612322 1.513558 0 P 0
L 0.5312608 2.66344 0.5312608 2.718558 0 P 0
L 0.5312608 2.66344 0.6159048 2.66344 0 P 0
L 0.5312608 2.718558 0.6159048 2.718558 0 P 0
L 0.607322 2.06344 0.607322 2.118558 0 P 0
L 0.612322 0.86344 0.612322 0.918558 0 P 0
L 0.612322 1.45844 0.612322 1.513558 0 P 0
L 0.6159048 2.66344 0.6159048 2.718558 0 P 0
L 0.77244 0.4566309 0.77244 0.5412749 0 P 0
L 0.77244 0.4566309 0.82756 0.4566309 0 P 0
L 0.77244 0.5412749 0.82756 0.5412749 0 P 0
L 0.77244 1.0566309 0.77244 1.1412749 0 P 0
L 0.77244 1.0566309 0.82756 1.0566309 0 P 0
L 0.77244 1.1412749 0.82756 1.1412749 0 P 0
L 0.77244 1.6580481 0.77244 1.7426921 0 P 0
L 0.77244 1.6580481 0.82756 1.6580481 0 P 0
L 0.77244 1.7426921 0.82756 1.7426921 0 P 0
L 0.77244 2.2580481 0.77244 2.3426921 0 P 0
L 0.77244 2.2580481 0.82756 2.2580481 0 P 0
L 0.77244 2.3426921 0.82756 2.3426921 0 P 0
L 0.82756 0.4566309 0.82756 0.5412749 0 P 0
L 0.82756 1.0566309 0.82756 1.1412749 0 P 0
L 0.82756 1.6580481 0.82756 1.7426921 0 P 0
L 0.82756 2.2580481 0.82756 2.3426921 0 P 0
L 0.9906309 0.85844 0.9906309 0.91356 0 P 0
L 0.9906309 0.85844 1.0752749 0.85844 0 P 0
L 0.9906309 0.91356 1.0752749 0.91356 0 P 0
L 0.9906309 1.45844 0.9906309 1.51356 0 P 0
L 0.9906309 1.45844 1.0752749 1.45844 0 P 0
L 0.9906309 1.51356 1.0752749 1.51356 0 P 0
L 0.9906309 2.05844 0.9906309 2.11356 0 P 0
L 0.9906309 2.05844 1.0752749 2.05844 0 P 0
L 0.9906309 2.11356 1.0752749 2.11356 0 P 0
L 0.9942135 2.66344 0.9942135 2.71856 0 P 0
L 0.9942135 2.66344 1.0788575 2.66344 0 P 0
L 0.9942135 2.71856 1.0788575 2.71856 0 P 0
L 1.0752749 0.85844 1.0752749 0.91356 0 P 0
L 1.0752749 1.45844 1.0752749 1.51356 0 P 0
L 1.0752749 2.05844 1.0752749 2.11356 0 P 0
L 1.0788575 2.66344 1.0788575 2.71856 0 P 0
L 1.127678 0.85844 1.127678 0.913558 0 P 0
L 1.127678 0.85844 1.212322 0.85844 0 P 0
L 1.127678 0.913558 1.212322 0.913558 0 P 0
L 1.127678 2.05844 1.127678 2.113558 0 P 0
L 1.127678 2.05844 1.212322 2.05844 0 P 0
L 1.127678 2.113558 1.212322 2.113558 0 P 0
L 1.1290954 1.45844 1.1290954 1.513558 0 P 0
L 1.1290954 1.45844 1.2137394 1.45844 0 P 0
L 1.1290954 1.513558 1.2137394 1.513558 0 P 0
L 1.1312608 2.66344 1.1312608 2.718558 0 P 0
L 1.1312608 2.66344 1.2159048 2.66344 0 P 0
L 1.1312608 2.718558 1.2159048 2.718558 0 P 0
L 1.212322 0.85844 1.212322 0.913558 0 P 0
L 1.212322 2.05844 1.212322 2.113558 0 P 0
L 1.2137394 1.45844 1.2137394 1.513558 0 P 0
L 1.2159048 2.66344 1.2159048 2.718558 0 P 0
L 1.36744 2.2566309 1.36744 2.3412749 0 P 0
L 1.36744 2.2566309 1.42256 2.2566309 0 P 0
L 1.36744 2.3412749 1.42256 2.3412749 0 P 0
L 1.37244 1.0552135 1.37244 1.1398575 0 P 0
L 1.37244 1.0552135 1.42756 1.0552135 0 P 0
L 1.37244 1.1398575 1.42756 1.1398575 0 P 0
L 1.42256 2.2566309 1.42256 2.3412749 0 P 0
L 1.42756 1.0552135 1.42756 1.1398575 0 P 0
L 1.5870481 2.65344 1.5870481 2.70856 0 P 0
L 1.5870481 2.65344 1.6716921 2.65344 0 P 0
L 1.5870481 2.70856 1.6716921 2.70856 0 P 0
L 1.5892135 1.45844 1.5892135 1.51356 0 P 0
L 1.5892135 1.45844 1.6738575 1.45844 0 P 0
L 1.5892135 1.51356 1.6738575 1.51356 0 P 0
L 1.6716921 2.65344 1.6716921 2.70856 0 P 0
L 1.6738575 1.45844 1.6738575 1.51356 0 P 0
L 1.727678 1.45844 1.727678 1.513558 0 P 0
L 1.727678 1.45844 1.812322 1.45844 0 P 0
L 1.727678 1.513558 1.812322 1.513558 0 P 0
L 1.7312608 2.65844 1.7312608 2.713558 0 P 0
L 1.7312608 2.65844 1.8159048 2.65844 0 P 0
L 1.7312608 2.713558 1.8159048 2.713558 0 P 0
L 1.812322 1.45844 1.812322 1.513558 0 P 0
L 1.8159048 2.65844 1.8159048 2.713558 0 P 0
L 2.170442 0.399678 2.170442 0.484322 0 P 0
L 2.170442 0.399678 2.22556 0.399678 0 P 0
L 2.170442 0.484322 2.22556 0.484322 0 P 0
L 2.175442 0.619678 2.175442 0.704322 0 P 0
L 2.175442 0.619678 2.23056 0.619678 0 P 0
L 2.175442 0.704322 2.23056 0.704322 0 P 0
L 2.180442 0.8382608 2.180442 0.9229048 0 P 0
L 2.180442 0.8382608 2.23556 0.8382608 0 P 0
L 2.180442 0.9229048 2.23556 0.9229048 0 P 0
L 2.18544 1.7310952 2.18544 1.8157392 0 P 0
L 2.18544 1.7310952 2.240558 1.7310952 0 P 0
L 2.18544 1.8157392 2.240558 1.8157392 0 P 0
L 2.185442 1.0632608 2.185442 1.1479048 0 P 0
L 2.185442 1.0632608 2.24056 1.0632608 0 P 0
L 2.185442 1.1479048 2.24056 1.1479048 0 P 0
L 2.185442 1.2832608 2.185442 1.3679048 0 P 0
L 2.185442 1.2832608 2.24056 1.2832608 0 P 0
L 2.185442 1.3679048 2.24056 1.3679048 0 P 0
L 2.185442 1.5082608 2.185442 1.5929048 0 P 0
L 2.185442 1.5082608 2.24056 1.5082608 0 P 0
L 2.185442 1.5929048 2.24056 1.5929048 0 P 0
L 2.190442 1.9532608 2.190442 2.0379048 0 P 0
L 2.190442 1.9532608 2.24556 1.9532608 0 P 0
L 2.190442 2.0379048 2.24556 2.0379048 0 P 0
L 2.190678 0.524442 2.190678 0.57956 0 P 0
L 2.190678 0.524442 2.275322 0.524442 0 P 0
L 2.190678 0.57956 2.275322 0.57956 0 P 0
L 2.1918592 2.174678 2.1918592 2.259322 0 P 0
L 2.1918592 2.174678 2.2469772 2.174678 0 P 0
L 2.1918592 2.259322 2.2469772 2.259322 0 P 0
L 2.1954418 2.399678 2.1954418 2.484322 0 P 0
L 2.1954418 2.399678 2.2505598 2.399678 0 P 0
L 2.1954418 2.484322 2.2505598 2.484322 0 P 0
L 2.195678 0.744442 2.195678 0.79956 0 P 0
L 2.195678 0.744442 2.280322 0.744442 0 P 0
L 2.195678 0.79956 2.280322 0.79956 0 P 0
L 2.195678 0.964442 2.195678 1.01956 0 P 0
L 2.195678 0.964442 2.280322 0.964442 0 P 0
L 2.195678 1.01956 2.280322 1.01956 0 P 0
L 2.1970952 1.189442 2.1970952 1.24456 0 P 0
L 2.1970952 1.189442 2.2817392 1.189442 0 P 0
L 2.1970952 1.24456 2.2817392 1.24456 0 P 0
L 2.200678 1.409442 2.200678 1.46456 0 P 0
L 2.200678 1.409442 2.285322 1.409442 0 P 0
L 2.200678 1.46456 2.285322 1.46456 0 P 0
L 2.200678 1.634442 2.200678 1.68956 0 P 0
L 2.200678 1.634442 2.285322 1.634442 0 P 0
L 2.200678 1.68956 2.285322 1.68956 0 P 0
L 2.200678 1.854442 2.200678 1.90956 0 P 0
L 2.200678 1.854442 2.285322 1.854442 0 P 0
L 2.200678 1.90956 2.285322 1.90956 0 P 0
L 2.2056778 2.304442 2.2056778 2.35956 0 P 0
L 2.2056778 2.304442 2.2903218 2.304442 0 P 0
L 2.2056778 2.35956 2.2903218 2.35956 0 P 0
L 2.205678 2.079442 2.205678 2.13456 0 P 0
L 2.205678 2.079442 2.290322 2.079442 0 P 0
L 2.205678 2.13456 2.290322 2.13456 0 P 0
L 2.2092604 2.529442 2.2092604 2.58456 0 P 0
L 2.2092604 2.529442 2.2939044 2.529442 0 P 0
L 2.2092604 2.58456 2.2939044 2.58456 0 P 0
L 2.22556 0.399678 2.22556 0.484322 0 P 0
L 2.23056 0.619678 2.23056 0.704322 0 P 0
L 2.23556 0.8382608 2.23556 0.9229048 0 P 0
L 2.240558 1.7310952 2.240558 1.8157392 0 P 0
L 2.24056 1.0632608 2.24056 1.1479048 0 P 0
L 2.24056 1.2832608 2.24056 1.3679048 0 P 0
L 2.24056 1.5082608 2.24056 1.5929048 0 P 0
L 2.24556 1.9532608 2.24556 2.0379048 0 P 0
L 2.2469772 2.174678 2.2469772 2.259322 0 P 0
L 2.2505598 2.399678 2.2505598 2.484322 0 P 0
L 2.275322 0.524442 2.275322 0.57956 0 P 0
L 2.280322 0.744442 2.280322 0.79956 0 P 0
L 2.280322 0.964442 2.280322 1.01956 0 P 0
L 2.2817392 1.189442 2.2817392 1.24456 0 P 0
L 2.285322 1.409442 2.285322 1.46456 0 P 0
L 2.285322 1.634442 2.285322 1.68956 0 P 0
L 2.285322 1.854442 2.285322 1.90956 0 P 0
L 2.2903218 2.304442 2.2903218 2.35956 0 P 0
L 2.290322 2.079442 2.290322 2.13456 0 P 0
L 2.2939044 2.529442 2.2939044 2.58456 0 P 0
L 2.4742606 0.894442 2.4742606 0.94956 0 P 0
L 2.4742606 0.894442 2.5589046 0.894442 0 P 0
L 2.4742606 0.94956 2.5589046 0.94956 0 P 0
L 2.475678 0.454442 2.475678 0.50956 0 P 0
L 2.475678 0.454442 2.560322 0.454442 0 P 0
L 2.475678 0.50956 2.560322 0.50956 0 P 0
L 2.475678 0.679442 2.475678 0.73456 0 P 0
L 2.475678 0.679442 2.560322 0.679442 0 P 0
L 2.475678 0.73456 2.560322 0.73456 0 P 0
L 2.475678 1.124442 2.475678 1.17956 0 P 0
L 2.475678 1.124442 2.560322 1.124442 0 P 0
L 2.475678 1.17956 2.560322 1.17956 0 P 0
L 2.475678 1.344442 2.475678 1.39956 0 P 0
L 2.475678 1.344442 2.560322 1.344442 0 P 0
L 2.475678 1.39956 2.560322 1.39956 0 P 0
L 2.4772135 1.04444 2.4772135 1.09956 0 P 0
L 2.4772135 1.04444 2.5618575 1.04444 0 P 0
L 2.4772135 1.09956 2.5618575 1.09956 0 P 0
L 2.4786309 0.37444 2.4786309 0.42956 0 P 0
L 2.4786309 0.37444 2.5632749 0.37444 0 P 0
L 2.4786309 0.42956 2.5632749 0.42956 0 P 0
L 2.4786309 0.59944 2.4786309 0.65456 0 P 0
L 2.4786309 0.59944 2.5632749 0.59944 0 P 0
L 2.4786309 0.65456 2.5632749 0.65456 0 P 0
L 2.4786309 0.81444 2.4786309 0.86956 0 P 0
L 2.4786309 0.81444 2.5632749 0.81444 0 P 0
L 2.4786309 0.86956 2.5632749 0.86956 0 P 0
L 2.4786309 1.26444 2.4786309 1.31956 0 P 0
L 2.4786309 1.26444 2.5632749 1.26444 0 P 0
L 2.4786309 1.31956 2.5632749 1.31956 0 P 0
L 2.480678 1.574442 2.480678 1.62956 0 P 0
L 2.480678 1.574442 2.565322 1.574442 0 P 0
L 2.480678 1.62956 2.565322 1.62956 0 P 0
L 2.480678 1.784442 2.480678 1.83956 0 P 0
L 2.480678 1.784442 2.565322 1.784442 0 P 0
L 2.480678 1.83956 2.565322 1.83956 0 P 0
L 2.4836309 1.49444 2.4836309 1.54956 0 P 0
L 2.4836309 1.49444 2.5682749 1.49444 0 P 0
L 2.4836309 1.54956 2.5682749 1.54956 0 P 0
L 2.4836309 1.70444 2.4836309 1.75956 0 P 0
L 2.4836309 1.70444 2.5682749 1.70444 0 P 0
L 2.4836309 1.75956 2.5682749 1.75956 0 P 0
L 2.4842606 2.009442 2.4842606 2.06456 0 P 0
L 2.4842606 2.009442 2.5689046 2.009442 0 P 0
L 2.4842606 2.06456 2.5689046 2.06456 0 P 0
L 2.485678 2.234442 2.485678 2.28956 0 P 0
L 2.485678 2.234442 2.570322 2.234442 0 P 0
L 2.485678 2.28956 2.570322 2.28956 0 P 0
L 2.485678 2.469442 2.485678 2.52456 0 P 0
L 2.485678 2.469442 2.570322 2.469442 0 P 0
L 2.485678 2.52456 2.570322 2.52456 0 P 0
L 2.4872135 2.38944 2.4872135 2.44456 0 P 0
L 2.4872135 2.38944 2.5718575 2.38944 0 P 0
L 2.4872135 2.44456 2.5718575 2.44456 0 P 0
L 2.4886309 1.92944 2.4886309 1.98456 0 P 0
L 2.4886309 1.92944 2.5732749 1.92944 0 P 0
L 2.4886309 1.98456 2.5732749 1.98456 0 P 0
L 2.4886309 2.15444 2.4886309 2.20956 0 P 0
L 2.4886309 2.15444 2.5732749 2.15444 0 P 0
L 2.4886309 2.20956 2.5732749 2.20956 0 P 0
L 2.5589046 0.894442 2.5589046 0.94956 0 P 0
L 2.560322 0.454442 2.560322 0.50956 0 P 0
L 2.560322 0.679442 2.560322 0.73456 0 P 0
L 2.560322 1.124442 2.560322 1.17956 0 P 0
L 2.560322 1.344442 2.560322 1.39956 0 P 0
L 2.5618575 1.04444 2.5618575 1.09956 0 P 0
L 2.5632749 0.37444 2.5632749 0.42956 0 P 0
L 2.5632749 0.59944 2.5632749 0.65456 0 P 0
L 2.5632749 0.81444 2.5632749 0.86956 0 P 0
L 2.5632749 1.26444 2.5632749 1.31956 0 P 0
L 2.565322 1.574442 2.565322 1.62956 0 P 0
L 2.565322 1.784442 2.565322 1.83956 0 P 0
L 2.5682749 1.49444 2.5682749 1.54956 0 P 0
L 2.5682749 1.70444 2.5682749 1.75956 0 P 0
L 2.5689046 2.009442 2.5689046 2.06456 0 P 0
L 2.570322 2.234442 2.570322 2.28956 0 P 0
L 2.570322 2.469442 2.570322 2.52456 0 P 0
L 2.5718575 2.38944 2.5718575 2.44456 0 P 0
L 2.5732749 1.92944 2.5732749 1.98456 0 P 0
L 2.5732749 2.15444 2.5732749 2.20956 0 P 0
